9.999999999999997780e-01 9.313072276647494929e-01 8.950967909582859816e-01 8.731382882789517907e-01 8.362955010566058833e-01 8.966706083764323099e-01 9.342768236626964873e-01 -7.926051048433685464e-01 1.815150454032579685e-01 -7.357465956196943546e-01 -8.232256696630065873e-01 -9.685048391181912963e-01 -7.957020804396619518e-02 -9.386378787166977933e-01 -8.791517265778254764e-01 -8.626661010283817044e-01 -6.375003840977357950e-01 -7.132526748933607497e-01 -6.438982645500608282e-01 -7.587137202294481630e-01 -5.261224390520641281e-01 3.441103482584247919e-01 4.820935673671425392e-01 4.087519112932182508e-01
9.313072276647494929e-01 1.000000000000000000e+00 7.986673169773615966e-01 7.250396470486126788e-01 7.890173774882077717e-01 8.653736453687361774e-01 9.723479198934582568e-01 -6.363628586949273691e-01 -1.119649908929548215e-01 -5.142963285271644480e-01 -6.619624709775584481e-01 -8.961199035404106006e-01 -3.369101615355359902e-01 -9.256332374680701358e-01 -7.785763068936067954e-01 -6.959183261062822368e-01 -4.014049158421731933e-01 -4.987961753818561661e-01 -4.133886709215384703e-01 -5.569435621332046171e-01 -6.674851146806137780e-01 1.435692923712195701e-01 4.337628577384541328e-01 3.326088893700532290e-01
8.950967909582859816e-01 7.986673169773615966e-01 9.999999999999997780e-01 9.506338050891044444e-01 9.613337218510088489e-01 6.427282058127418152e-01 8.984270537827713232e-01 -6.305267190820561529e-01 3.965367680867594169e-01 -6.746190546146174638e-01 -5.872146212790119169e-01 -7.984012566297093993e-01 1.904141756335349378e-01 -7.100974598512942437e-01 -9.477734841995827386e-01 -7.801778953119459237e-01 -6.588979389472774395e-01 -7.582499368049384625e-01 -6.405586100466963417e-01 -6.750652516284449955e-01 -1.440778214329997142e-01 6.341037268558252782e-01 7.995155205298042356e-01 7.627016251362501720e-01
8.731382882789519018e-01 7.250396470486126788e-01 9.506338050891044444e-01 1.000000000000000000e+00 9.414147487306023798e-01 5.887430749093869320e-01 8.175213837050393506e-01 -8.034539838498618858e-01 5.939841538393302312e-01 -8.587297301687760731e-01 -7.184151098812854297e-01 -8.445918379654886454e-01 3.884700900899148990e-01 -7.384678392783806666e-01 -9.871325887499244889e-01 -9.143595103952512071e-01 -8.562155944518058392e-01 -9.209354522267892973e-01 -8.440880497582062825e-01 -8.565159117496377039e-01 -7.198556248698607940e-02 7.539402528091619926e-01 7.654203935009815662e-01 7.253496969157494645e-01
8.362955010566058833e-01 7.890173774882077717e-01 9.613337218510088489e-01 9.414147487306023798e-01 1.000000000000000000e+00 5.187289720022176809e-01 9.008738009082749576e-01 -6.350726137892058754e-01 4.126082680440487649e-01 -6.678050240888692146e-01 -5.202653327262179994e-01 -7.684611418465593369e-01 2.450130924287559075e-01 -6.907356765367752560e-01 -9.729339394831643117e-01 -7.750812504385475865e-01 -6.779224533697842947e-01 -7.781726209660707605e-01 -6.606141314292769406e-01 -6.723750874461569271e-01 -7.307669638430984438e-02 7.008278753868710798e-01 8.761084448671249136e-01 8.197538391208384345e-01
8.966706083764323099e-01 8.653736453687361774e-01 6.427282058127418152e-01 5.887430749093869320e-01 5.187289720022176809e-01 1.000000000000000000e+00 7.778364186057639129e-01 -6.623330482044115231e-01 -1.398031294785526957e-01 -5.359490838222628062e-01 -8.115381843762720093e-01 -8.809711777251679754e-01 -4.096724074187899078e-01 -9.092406953414324811e-01 -5.816171246570666087e-01 -6.720819887801365855e-01 -3.694382842513599385e-01 -4.223996911785041219e-01 -3.919225290818716956e-01 -5.728702890562907823e-01 -8.057334381723944006e-01 -7.579713464329494721e-02 7.015849972994954442e-02 -2.156430983734503991e-03
9.342768236626964873e-01 9.723479198934582568e-01 8.984270537827713232e-01 8.175213837050399057e-01 9.008738009082749576e-01 7.778364186057639129e-01 1.000000000000000000e+00 -6.161588860550780700e-01 3.191828265753249294e-02 -5.447592589086626136e-01 -5.991107833817520545e-01 -8.684749857244860038e-01 -1.792102347635605164e-01 -8.631593058860317358e-01 -8.688763095467179065e-01 -7.171829963214981785e-01 -4.709884145096963071e-01 -5.812753044279359571e-01 -4.708556178887385313e-01 -5.743994644785457293e-01 -4.823109741171374698e-01 3.283458073080634532e-01 6.227902485436579427e-01 5.348549983595338730e-01
-7.926051048433685464e-01 -6.363628586949271471e-01 -6.305267190820563750e-01 -8.034539838498618858e-01 -6.350726137892058754e-01 -6.623330482044115231e-01 -6.161588860550778479e-01 9.999999999999997780e-01 -5.059310577080164961e-01 9.647413230062016343e-01 9.542080936406130975e-01 9.029055253069836473e-01 -2.858849467240219822e-01 8.496234825321949957e-01 7.900597489854741529e-01 9.752420024058796599e-01 9.002749464228313458e-01 8.935097607199916636e-01 9.199040430260081447e-01 9.800093758284554868e-01 3.325048488460994323e-01 -4.815021148217916713e-01 -2.955971141402544133e-01 -2.255041374892230721e-01
1.815150454032579685e-01 -1.119649908929548215e-01 3.965367680867594169e-01 5.939841538393302312e-01 4.126082680440487649e-01 -1.398031294785526957e-01 3.191828265753249294e-02 -5.059310577080166071e-01 1.000000000000000000e+00 -7.064351941720489192e-01 -3.447892770647763561e-01 -2.211769266360004427e-01 9.603167629109452541e-01 -4.350140259174473112e-02 -5.182976262308460758e-01 -5.656605239876457691e-01 -8.243545971418964058e-01 -7.890498882932757141e-01 -8.004550037540872909e-01 -6.586520650266510790e-01 6.217074750240156877e-01 9.028719559249920312e-01 5.320887213146525685e-01 5.794187253736095000e-01
-7.357465956196943546e-01 -5.142963285271644480e-01 -6.746190546146174638e-01 -8.587297301687760731e-01 -6.678050240888692146e-01 -5.359490838222630282e-01 -5.447592589086626136e-01 9.647413230062016343e-01 -7.064351941720489192e-01 1.000000000000000000e+00 8.913238345404858043e-01 8.224376843022073169e-01 -5.042755703691811364e-01 7.221163489480962872e-01 8.206774551532206585e-01 9.735611725374722081e-01 9.787197401880027847e-01 9.691615996319613568e-01 9.857819094959120454e-01 9.972500229961093199e-01 9.901974260668491845e-02 -6.655118537732597206e-01 -4.214116692308689793e-01 -3.813549360398669763e-01
-8.232256696630065873e-01 -6.619624709775582261e-01 -5.872146212790119169e-01 -7.184151098812854297e-01 -5.202653327262179994e-01 -8.115381843762720093e-01 -5.991107833817520545e-01 9.542080936406130975e-01 -3.447892770647763561e-01 8.913238345404858043e-01 1.000000000000000000e+00 9.158105046007699590e-01 -9.103626954911062108e-02 8.828567995249232414e-01 6.844331302059158961e-01 9.166840460753918896e-01 7.795650896097631177e-01 7.704120691510241148e-01 8.049315069082320084e-01 9.116112339594806269e-01 5.162138224039924950e-01 -2.709239187129096060e-01 -1.091131492785810675e-01 -4.622602251386474098e-02
-9.685048391181912963e-01 -8.961199035404106006e-01 -7.984012566297093993e-01 -8.445918379654886454e-01 -7.684611418465593369e-01 -8.809711777251679754e-01 -8.684749857244860038e-01 9.029055253069836473e-01 -2.211769266360004427e-01 8.224376843022073169e-01 9.158105046007692929e-01 1.000000000000000000e+00 3.727610851126615665e-02 9.811745290554956256e-01 8.544819789140957189e-01 9.249589413873873234e-01 7.167847067992354493e-01 7.649863353213088857e-01 7.336362648590122326e-01 8.512671980927991600e-01 5.652160059752703303e-01 -3.267127712565308095e-01 -3.732977351066494309e-01 -2.863474663233464557e-01
-7.957020804396622293e-02 -3.369101615355359902e-01 1.904141756335349378e-01 3.884700900899149545e-01 2.450130924287559075e-01 -4.096724074187898523e-01 -1.792102347635604886e-01 -2.858849467240219822e-01 9.603167629109452541e-01 -5.042755703691811364e-01 -9.103626954911062108e-02 3.727610851126615665e-02 1.000000000000000000e+00 2.079341289656974900e-01 -3.234857041092095153e-01 -3.383518446824357317e-01 -6.603834350083934712e-01 -6.141371574493890151e-01 -6.321862275983478607e-01 -4.506154942320294565e-01 7.974267780705165398e-01 8.590671339488457070e-01 4.805063160153534851e-01 5.422276053997074907e-01
-9.386378787166977933e-01 -9.256332374680701358e-01 -7.100974598512942437e-01 -7.384678392783804446e-01 -6.907356765367752560e-01 -9.092406953414324811e-01 -8.631593058860317358e-01 8.496234825321949957e-01 -4.350140259174473112e-02 7.221163489480962872e-01 8.828567995249232414e-01 9.811745290554956256e-01 2.079341289656974900e-01 9.999999999999997780e-01 7.672083269178665565e-01 8.480294209131150618e-01 5.923333329536506486e-01 6.416914723053402936e-01 6.167605523564846370e-01 7.626456381308801546e-01 6.991492365644730311e-01 -1.607763813325413238e-01 -2.587153974539581625e-01 -1.558777418772879508e-01
-8.791517265778254764e-01 -7.785763068936067954e-01 -9.477734841995827386e-01 -9.871325887499244889e-01 -9.729339394831643117e-01 -5.816171246570666087e-01 -8.688763095467179065e-01 7.900597489854742639e-01 -5.182976262308460758e-01 8.206774551532211026e-01 6.844331302059158961e-01 8.544819789140957189e-01 -3.234857041092095153e-01 7.672083269178665565e-01 1.000000000000000000e+00 8.983882132841040091e-01 8.171108441921718368e-01 8.917408566939376557e-01 8.069772092017283294e-01 8.249553870479887641e-01 1.107065780985521247e-01 -7.272540103731556238e-01 -7.920157517519388346e-01 -7.346172620498027106e-01
-8.626661010283817044e-01 -6.959183261062822368e-01 -7.801778953119459237e-01 -9.143595103952512071e-01 -7.750812504385475865e-01 -6.720819887801365855e-01 -7.171829963214981785e-01 9.752420024058796599e-01 -5.656605239876457691e-01 9.735611725374722081e-01 9.166840460753918896e-01 9.249589413873873234e-01 -3.383518446824357317e-01 8.480294209131150618e-01 8.983882132841040091e-01 9.999999999999997780e-01 9.279236812556705960e-01 9.466744865926914887e-01 9.365459671678416642e-01 9.820604957404549529e-01 2.511976856129715663e-01 -6.035801907315498926e-01 -4.782471906664393924e-01 -4.174056994693995382e-01
-6.375003840977360170e-01 -4.014049158421731933e-01 -6.588979389472772175e-01 -8.562155944518058392e-01 -6.779224533697842947e-01 -3.694382842513599385e-01 -4.709884145096963071e-01 9.002749464228313458e-01 -8.243545971418964058e-01 9.787197401880027847e-01 7.795650896097631177e-01 7.167847067992354493e-01 -6.603834350083935822e-01 5.923333329536506486e-01 8.171108441921718368e-01 9.279236812556705960e-01 1.000000000000000000e+00 9.890946566805810525e-01 9.984091050582049043e-01 9.653444616086530594e-01 -1.001709803160926310e-01 -7.950750985650625324e-01 -5.243161750676222921e-01 -4.987640161954802753e-01
-7.132526748933607497e-01 -4.987961753818561661e-01 -7.582499368049384625e-01 -9.209354522267892973e-01 -7.781726209660707605e-01 -4.223996911785041219e-01 -5.812753044279359571e-01 8.935097607199916636e-01 -7.890498882932757141e-01 9.691615996319613568e-01 7.704120691510241148e-01 7.649863353213088857e-01 -6.141371574493890151e-01 6.416914723053402936e-01 8.917408566939379888e-01 9.466744865926911556e-01 9.890946566805810525e-01 1.000000000000000000e+00 9.838802610808274896e-01 9.580687817910610304e-01 -7.260943581935506985e-02 -8.195879457314306782e-01 -6.227924720344005793e-01 -5.913392393771624844e-01
-6.438982645500608282e-01 -4.133886709215384703e-01 -6.405586100466962307e-01 -8.440880497582062825e-01 -6.606141314292769406e-01 -3.919225290818716401e-01 -4.708556178887385313e-01 9.199040430260081447e-01 -8.004550037540872909e-01 9.857819094959120454e-01 8.049315069082320084e-01 7.336362648590120106e-01 -6.321862275983479718e-01 6.167605523564844150e-01 8.069772092017287735e-01 9.365459671678416642e-01 9.984091050582050153e-01 9.838802610808274896e-01 9.999999999999997780e-01 9.754577052973447682e-01 -5.789851815375878646e-02 -7.622036884759565423e-01 -4.859906651925094967e-01 -4.554984948545576229e-01
-7.587137202294479410e-01 -5.569435621332046171e-01 -6.750652516284449955e-01 -8.565159117496377039e-01 -6.723750874461569271e-01 -5.728702890562907823e-01 -5.743994644785457293e-01 9.800093758284554868e-01 -6.586520650266510790e-01 9.972500229961096530e-01 9.116112339594806269e-01 8.512671980927991600e-01 -4.506154942320294010e-01 7.626456381308799326e-01 8.249553870479887641e-01 9.820604957404549529e-01 9.653444616086532815e-01 9.580687817910610304e-01 9.754577052973447682e-01 9.999999999999997780e-01 1.615540864372015384e-01 -6.269536842872571736e-01 -4.019333861019632748e-01 -3.535254629430123474e-01
-5.261224390520641281e-01 -6.674851146806137780e-01 -1.440778214329997142e-01 -7.198556248698607940e-02 -7.307669638430988601e-02 -8.057334381723944006e-01 -4.823109741171374698e-01 3.325048488460993767e-01 6.217074750240156877e-01 9.901974260668491845e-02 5.162138224039924950e-01 5.652160059752703303e-01 7.974267780705165398e-01 6.991492365644730311e-01 1.107065780985521247e-01 2.511976856129715663e-01 -1.001709803160926310e-01 -7.260943581935506985e-02 -5.789851815375877259e-02 1.615540864372015384e-01 1.000000000000000000e+00 5.867540971986819898e-01 3.737857251309568696e-01 4.683087002197794391e-01
3.441103482584247919e-01 1.435692923712195423e-01 6.341037268558252782e-01 7.539402528091619926e-01 7.008278753868710798e-01 -7.579713464329496109e-02 3.283458073080634532e-01 -4.815021148217916713e-01 9.028719559249920312e-01 -6.655118537732597206e-01 -2.709239187129096060e-01 -3.267127712565308650e-01 8.590671339488457070e-01 -1.607763813325413238e-01 -7.272540103731557348e-01 -6.035801907315498926e-01 -7.950750985650627545e-01 -8.195879457314306782e-01 -7.622036884759565423e-01 -6.269536842872571736e-01 5.867540971986819898e-01 1.000000000000000000e+00 8.395135803094641025e-01 8.585240731107042222e-01
4.820935673671425392e-01 4.337628577384541328e-01 7.995155205298046797e-01 7.654203935009815662e-01 8.761084448671249136e-01 7.015849972994954442e-02 6.227902485436579427e-01 -2.955971141402544133e-01 5.320887213146524575e-01 -4.214116692308689793e-01 -1.091131492785810675e-01 -3.732977351066494309e-01 4.805063160153534851e-01 -2.587153974539581625e-01 -7.920157517519388346e-01 -4.782471906664393924e-01 -5.243161750676221811e-01 -6.227924720344005793e-01 -4.859906651925094967e-01 -4.019333861019632748e-01 3.737857251309568696e-01 8.395135803094641025e-01 9.999999999999997780e-01 9.899577424016191562e-01
4.087519112932182508e-01 3.326088893700532290e-01 7.627016251362500610e-01 7.253496969157494645e-01 8.197538391208384345e-01 -2.156430983734503991e-03 5.348549983595338730e-01 -2.255041374892230721e-01 5.794187253736095000e-01 -3.813549360398669763e-01 -4.622602251386474098e-02 -2.863474663233464557e-01 5.422276053997074907e-01 -1.558777418772879231e-01 -7.346172620498027106e-01 -4.174056994693995382e-01 -4.987640161954802753e-01 -5.913392393771624844e-01 -4.554984948545576229e-01 -3.535254629430122364e-01 4.683087002197793836e-01 8.585240731107042222e-01 9.899577424016191562e-01 1.000000000000000000e+00
